0
-2262
-2270
-2267
-2280
-2202
-2246
-2224
-2079
-2130
-2072
-2161
-2089
-2131
-2219
-2196
-2248
-2245
-2137
-2209
-2260
-2180
-2089
-2042
-2213
-2180
-2240
-2119
-2133
-2204
-2226
-2150
-2188
-2213
-2200
-2178
-2207
-2198
-2142
-2242
-2135
-2242
-2070
-2146
-2078
-2116
-2234
-2261
-2152
-2237
-2264
-2182
-2253
-2098
-2230
-2267
-2272
-2257
-2189
-2222
-2070
-1966
-2142
-2080
-2219
-2237
-2088
-2183
-2229
-2229
-2228
-2189
-2044
-2208
-2238
-2231
-2252
-2264
-2277
-2239
-2268
-2277
-2244
-2124
-2158
-2252
-2169
-2245
-2134
-2198
-2256
-2246
-2265
-2268
-2157
-2242
-2272
-2281
-2225
-2144
-2137
-2084
-2087
-2137
-2242
-2122
-2110
-1983
-2104
-2191
-2167
-2191
-2217
-2261
-2116
-2143
-2229
-2156
-2233
-2227
-2255
-2273
-2236
-2201
-2223
-2260
-2255
-2168
-1985
-2088
-2125
-2240
-2165
-2143
-2244
-2048
-2116
-2127
-2221
-2265
-2183
-2256
-2140
-2142
-2137
-2054
-2077
-2206
-2259
-2226
-2173
-2082
-2018
-1904
-2087
-2145
-2098
-2189
-2242
-2231
-2204
-2166
-2211
-2181
-2247
-2267
-2141
-2160
-2177
-2122
-2197
-2091
-2152
-2133
-2115
-2190
-2240
-2225
-2217
-2267
-2160
-2245
-2245
-2272
-2248
-2233
-2258
-2140
-2087
-2209
-2165
-2158
-2104
-2220
-2261
-2244
-2148
-2241
-2272
-2278
-2192
-2202
-2210
-2048
-2175
-2213
-2262
-2273
-2280
-2243
-2226
-2260
-2269
-2250
-2271
-2257
-2187
-2214
-2111
-2139
-2133
-2196
-2253
-2268
-2279
-2252
-2241
-2215
-2110
-2188
-2107
-2182
-2194
-2238
-2216
-2166
-2246
-2064
-2193
-2237
-2265
-2274
-2276
-2143
-2224
-2175
-2202
-2249
-2268
-2117
-2170
-2245
-2245
-2251
-2131
-2193
-2248
-2262
-2279
-2276
-2152
-2205
-2112
-2233
-2249
-2224
-2258
-2231
-2255
-2266
-2274
-2273
-2270
-2272
-2212
-2237
-2213
-2253
-2247
-2273
-2236
-2266
-2277
-2273
-2241
-2265
-2274
-2103
-2096
-2128
-2188
-2180
-2229
-2256
-2251
-2269
-2257
-2272
-2132
-2148
-2169
-2248
-2243
-2261
-2114
-2228
-2210
-2210
-2266
-2187
-2221
-2045
-2085
-2105
-2227
-2256
-2228
-2237
-2244
-2194
-2258
-2220
-2238
-2173
-2143
-2210
-2199
-2095
-2216
-2258
-2092
-2068
-2138
-2179
-2213
-2116
-2125
-2187
-2240
-2196
-2202
-2199
-2015
-2128
-2229
-2161
-2187
-2260
-2233
-2231
-2264
-2194
-2202
-2258
-2271
-2276
-2245
-2276
-2281
-2270
-2260
-2254
-2215
-2213
-2261
-2228
-2209
-2257
-2267
-2268
-2193
-2239
-2272
-2278
-2275
-2172
-2114
-2186
-2197
-2225
-2257
-2142
-2135
-2172
-2079
-2211
-2112
-2228
-2227
-2258
-2272
-2267
-2058
-2214
-2252
-2260
-2276
-2168
-2248
-2125
-2233
-2117
-2088
-2131
-2070
-2185
-2253
-2269
-2066
-2177
-2225
-2195
-2168
-2158
-2170
-2180
-2213
-2259
-2091
-2070
-2223
-2223
-2263
-2168
-2077
-2164
-2242
-2168
-2228
-2250
-2273
-2093
-2158
-2152
-2170
-2198
-2224
-2174
-2090
-2086
-2181
-2110
-2207
-2255
-2266
-2247
-2267
-2199
-2164
-2247
-2258
-2247
-2261
-2268
-2248
-2212
-2260
-2194
-2255
-2054
-2170
-2244
-2264
-2274
-2260
-123
-129
-126
-128
-138
-113
-114
-123
-125
-116
-105
-129
-107
-108
-117
-128
-126
-130
-119
-127
-122
-132
-123
-120
-123
-127
-121
-116
-113
-118
-130
-122
-115
-121
-117
-115
-119
-116
-132
-119
-118
-108
-116
-121
-117
-125
-115
-119
-117
-129
-122
-116
-120
-118
-110
-129
-134
-119
-128
-127
-125
-123
-136
-129
-124
-123
-113
-111
-125
-125
-147
-122
-123
-129
-129
-125
-125
-115
-117
-122
-130
-119
-125
-115
-119
-127
-126
-127
-119
-120
-120
-127
-109
-138
-127
-120
-129
-140
-131
-135
-130
-106
-131
-136
-117
-131
-125
-122
-116
-119
-116
-121
-121
-110
-103
-116
-113
-112
-111
-130
-107
-116
-130
-110
-131
-122
-132
-131
-129
-111
-106
-99
-124
-128
-122
-122
-125
-130
-119
-120
-122
-122
-111
-110
-124
-119
-128
-125
-119
-120
-119
-116
-125
-120
-127
-136
-125
-119
-123
-114
-119
-121
-125
-112
-121
-120
-133
-130
-126
-117
-116
-121
-117
-138
-123
-133
-130
-128
-119
-119
-116
-121
-104
-131
-121
-120
-128
-118
-109
-122
-119
-115
-120
-115
-119
-116
-113
-120
-124
-126
-110
-118
-143
-132
-125
-127
-117
-123
-133
-132
-136
-132
-122
-123
-127
-126
-127
-128
-131
-115
-124
-115
-125
-121
-121
-122
-114
-119
-109
-121
-115
-110
-126
-115
-123
-122
-105
-109
-111
-117
-132
-119
-102
-124
-130
-129
-114
-114
-123
-127
-121
-123
-118
-115
-111
-126
-115
-116
-115
-136
-122
-123
-135
-129
-121
-112
-113
-119
-128
-125
-123
-96
-125
-112
-128
-126
-127
-120
-117
-119
-126
-127
-120
-112
-117
-111
-114
-113
-112
-115
-125
-120
-135
-128
-123
-106
-107
-115
-130
-113
-122
-120
-115
-119
-117
-124
-127
-118
-137
-120
-114
-118
-125
-122
-131
-125
-130
-118
-130
-120
-131
-120
-129
-113
-109
-101
-104
-132
-129
-124
-120
-122
-127
-129
-118
-128
-118
-119
-116
-124
-120
-116
-111
-112
-127
-121
-116
-109
-111
-106
-114
-120
-118
-113
-120
-121
-109
-115
-119
-115
-119
-114
-101
-112
-115
-105
-116
-132
-116
-124
-124
-128
-119
-120
-109
-123
-115
-116
-133
-117
-118
-117
-121
-117
-116
-125
-118
-117
-114
-110
-123
-122
-115
-109
-115
-113
-120
-114
-114
-125
-115
-116
-122
-127
-124
-123
-128
-128
-113
-121
-123
-115
-120
-122
-124
-111
-122
-111
-124
-122
-120
-102
-98
-113
-107
-116
-117
-124
-123
-124
-117
-117
-121
-115
-112
-120
-117
-112
-114
-109
-116
-130
-126
-125
-113
-113
-118
-110
-125
-121
-124
-119
-123
-125
-129
-121
-113
-122
-126
-112
-109
-124
-118
-116
-120
-119
-126
-115
-116
-118
-127
-119
-121
-113
-118
-118
-127
-113
-126
-120
-114
-124
-124
-113
-125
-122
-109
-123
-106
-113
-102
-110
-118
-118
-126
-126
-114
-116
-121
-117
-121
-123
-127
-113
-118
-118
-128
-137
-120
-110
-112
-118
-113
-114
-117
-117
-122
-103
-103
-118
-117
-112
-119
-124
-116
-115
-116
-125
-108
-121
-114
-118
-125
-114
-120
-110
-102
-106
-111
-119
-123
-128
-116
-114
-119
-118
-124
-107
-103
-121
-132
-120
-102
-105
-120
-113
-116
-123
-108
-112
-123
-125
-109
-123
-105
-116
-110
-107
-103
-118
-130
-129
-125
-113
-130
-123
-107
-117
-129
-119
-125
-113
-117
-114
-113
-118
-122
-109
-109
-118
-118
-122
-116
-118
-113
-133
-118
-123
-132
-128
-108
-110
-107
-116
-109
-123
-122
-121
-129
-119
-124
-128
-122
-123
-111
-117
-116
-124
-132
-135
-130
-105
-112
-116
-115
-128
-113
-124
-119
-125
-118
-113
-117
-140
-127
-118
-134
-133
-131
-130
-130
-135
-129
-141
-125
-120
-126
-116
-107
-126
-127
-137
-127
-115
-115
-127
-117
-114
-124
-124
-128
-139
-141
-116
-130
-129
-110
-111
-119
-110
-105
-99
-115
-134
-124
-125
-130
-120
-126
-117
-110
-129
-123
-115
-130
-133
-125
-125
-114
-117
-110
-121
-131
-111
-126
-119
-118
-109
-136
-118
-136
-121
-127
-124
-117
-107
-114
-134
-112
-104
-124
-119
-119
-120
-123
-109
-122
-107
-120
-125
-118
-108
-133
-125
-131
-124
-116
-122
-127
-129
-113
-120
-113
-132
-138
-144
-141
-150
-143
-142
-141
-143
-132
-143
-142
-143
-141
-140
-140
-148
-143
-138
-127
-143
-149
-144
-139
-143
-149
-134
-134
-119
-139
-156
-152
-128
-137
-137
-129
-127
-125
-136
-143
-146
-147
-142
-134
-132
-143
-142
-144
-148
-128
-132
-135
-138
-122
-139
-145
-138
-142
-139
-121
-136
-128
-122
-121
-137
-139
-138
-152
-142
-132
-131
-118
-131
-129
-144
-141
-135
-132
-139
-137
-137
-136
-132
-138
-144
-150
-135
-125
-130
-133
-134
-152
-143
-138
-140
-125
-124
-136
-137
-138
-137
-134
-128
-145
-139
-133
-129
-116
-141
-140
-131
-123
-131
-135
-138
-133
-143
-134
-139
-137
-140
-119
-129
-132
-137
-121
-137
-133
-132
-131
-132
-135
-135
-134
-123
-140
-130
-124
-123
-135
-133
-137
-146
-146
-128
-145
-137
-137
-138
-127
-122
-133
-118
-131
-117
-122
-135
-136
-133
-132
-127
-128
-148
-139
-136
-136
-131
-118
-131
-145
-145
-122
-126
-119
-133
-136
-145
-125
-127
-132
-133
-128
-109
-138
-136
-138
-130
-134
-141
-133
-124
-134
-143
-137
-123
-109
-126
-108
-115
-117
-115
-114
-123
-112
-129
-128
-115
-113
-118
-101
-105
-91
-65
-45
-63
-31
-39
-51
-63
-65
-50
-69
-78
-86
-81
-59
-84
-86
-92
-98
-80
-68
-74
-81
-73
-94
-85
-69
-66
-66
-75
-64
-69
-89
-80
-76
-76
-81
-91
-78
-82
-97
-93
-95
-103
-89
-95
-95
-98
-106
-101
-95
-97
-101
-109
-119
-136
-122
-133
-129
-129
-137
-130
-135
-128
-138
-137
-141
-148
-142
-131
-131
-119
-122
-120
-138
-144
-149
-146
-136
-143
-133
-129
-129
-130
-137
-139
-142
-143
-134
-150
-139
-133
-128
-124
-125
-131
-143
-130
-126
-129
-142
-133
-145
-148
-133
-145
-137
-132
-134
-139
-130
-129
-121
-129
-138
-135
-135
-142
-142
-140
-135
-136
-141
-115
-128
-131
-136
-123
-126
-131
-133
-129
-139
-142
-142
-138
-136
-138
-133
-135
-139
-146
-151
-131
-135
-161
-155
-143
-140
-157
-136
-142
-132
-139
-120
-133
-141
-136
-126
-123
-136
-135
-127
-130
-142
-145
-137
-125
-127
-140
-120
-132
-134
-148
-119
-118
-124
-126
-135
-131
-138
-141
-134
-126
-127
-132
-144
-137
-134
-142
-137
-132
-132
-137
-138
-160
-154
-142
-144
-135
-137
-137
-128
-129
-137
-122
-139
-150
-143
-144
-136
-123
-139
-132
-134
-142
-136
-128
-128
-142
-125
-130
-128
-132
-140
-132
-130
-118
-114
-125
-127
-115
-139
-144
-127
-136
-141
-134
-130
-134
-124
-133
-126
-141
-143
-137
-129
-141
-133
-131
-124
-127
-140
-139
-141
-137
-132
-126
-130
-127
-127
-128
-121
-118
-129
-128
-144
-149
-147
-140
-129
-140
-133
-139
-141
-145
-134
-133
-153
-135
-137
-119
-139
-120
-136
-131
-138
-127
-144
-137
-126
-141
-131
-136
-125
-135
-142
-133
-125
-126
-144
-144
-136
-130
-129
-118
-116
-115
-129
-129
-133
-142
-124
-114
-125
-120
-125
-128
-140
-135
-123
-135
-118
-121
-127
-118
-113
-118
-119
-114
-130
-127
-128
-127
-116
-112
-110
-131
-126
-118
-124
-123
-129
-125
-135
-123
-121
-130
-109
-124
-112
-117
-138
-139
-131
-137
-120
-138
-126
-119
-118
-131
-136
-126
-129
-119
-116
-123
-116
-131
-122
-140
-116
-124
-128
-154
-137
-138
-126
-125
-118
-127
-119
-122
-129
-120
-110
-131
-126
-132
-133
-129
-137
-124
-124
-127
-127
-130
-119
-122
-136
-139
-134
-139
-126
-119
-114
-128
-142
-130
-128
-122
-116
-125
-124
-127
-126
-128
-121
-127
-130
-133
-128
-137
-126
-137
-121
-129
-133
-134
-125
-131
-108
-126
-124
-127
-133
-137
-130
-134
-126
-126
-125
-132
-132
-127
-121
-135
-128
-131
-131
-128
-128
-133
-138
-122
-127
-129
-132
-129
-134
-146
-142
-128
-134
-135
-142
-132
-139
-130
-128
-117
-118
-126
-121
-120
-127
-123
-126
-118
-125
-117
-126
-138
-118
-116
-125
-120
-123
-128
-127
-123
-137
-138
-124
-117
-132
-146
-131
-137
-129
-128
-124
-111
-114
-122
-124
-130
-129
-119
-117
-122
-124
-117
-127
-128
-136
-126
-108
-115
-129
-135
-152
-126
-112
-127
-132
-132
-120
-131
-117
-125
-137
-135
-116
-114
-129
-128
-126
-130
-123
-128
-133
-112
-120
-130
-133
-140
-144
-136
-119
-111
-129
-121
-121
-125
-126
-121
-130
-130
-123
-137
-124
-118
-131
-118
-135
-137
-121
-135
-133
-131
-135
-125
-124
-126
-120
-119
-128
-131
-132
-116
-120
-124
-127
-123
-126
-126
-121
-129
-146
-123
-131
-126
-135
-130
-118
-126
-118
-117
-126
-135
-123
-132
-127
-132
-128
-129
-103
-113
-122
-128
-125
-112
-110
-121
-140
-129
-117
-132
-100
-127
-132
-131
-144
-143
-130
-124
-129
-130
-123
-124
-124
-133
-119
-119
-127
-122
-128
-144
-136
-117
-122
-115
-133
-143
-134
-133
-139
-131
-129
-131
-130
-125
-123
-128
-130
-129
-133
-138
-138
-135
-123
-115
-112
-123
-123
-123
-128
-141
-119
-126
-128
-126
-126
-129
-128
-120
-127
-123
-124
-122
-130
-117
-133
-133
-129
-126
-128
-126
-137
-128
-126
-132
-113
-121
-122
-142
-130
-119
-124
-135
-133
-121
-126
-132
-137
-124
-130
-131
-115
-123
-124
-129
-120
-123
-133
-144
-120
-135
-150
-145
-140
-133
-126
-126
-134
-126
-126
-123
-112
-123
-144
-135
-116
-127
-129
-121
-138
-132
-122
-127
-136
-115
-121
-118
-128
-131
-111
-113
-114
-124
-134
-127
-137
-144
-122
-127
-128
-132
-128
-132
-132
-125
-125
-117
-143
-144
-143
-145
-137
-116
-124
-124
-123
-107
-122
-122
-140
-122
-122
-133
-121
-133
-132
-137
-135
-135
-136
-145
-125
-130
-126
-128
-129
-113
-120
-132
-113
-119
-123
-132
-127
-137
-119
-109
-127
-139
-135
-118
-125
-127
-134
-132
-133
-129
-122
-127
-134
-125
-129
-130
-121
-131
-138
-128
-120
-115
-112
-123
-129
-119
-120
-122
-121
-125
-138
-133
-133
-143
-143
-124
-121
-122
-117
-116
-127
-129
-130
-117
-135
-129
-124
-121
-125
-121
-122
-133
-129
-123
-129
-122
-118
-125
-134
-123
-124
-122
-121
-123
-111
-126
-134
-137
-134
-126
-122
-131
-134
-129
-128
-124
-127
-113
-134
-125
-134
-133
-131
-140
-134
-130
-138
-127
-114
-133
-124
-134
-124
-126
-126
-121
-119
-120
-138
-134
-133
-133
-129
-140
-140
-127
-120
-121
-123
-136
-134
-117
-118
-125
-120
-128
-142
-128
-117
-115
-117
-117
-133
-126
-125
-126
-129
-130
-121
-132
-114
-126
-136
-133
-130
-138
-121
-109
-121
-117
-127
-144
-130
-132
-137
-118
-130
-130
-125
-119
-125
-129
-127
-122
-115
-121
-133
-132
-136
-121
-123
-132
-130
-136
-131
-126
-122
-137
-135
-126
-127
-133
-129
-117
-119
-129
-133
-136
-128
-118
-119
-126
-136
-134
-123
-121
-128
-140
-147
-146
-137
-136
-130
-130
-145
-133
-135
-139
-129
-140
-143
-128
-128
-126
-117
-130
-124
-137
-132
-127
-117
-120
-141
-128
-121
-123
-133
-119
-123
-121
-120
-130
-137
-130
-131
-136
-121
-134
-140
-132
-133
-123
-133
-139
-124
-138
-131
-140
-130
-130
-131
-125
-130
-132
-127
-153
-143
-132
-128
-138
-142
-130
-125
-141
-127
-124
-141
-137
-133
-131
-124
-130
-136
-129
-120
-129
-134
-130
-121
-141
-124
-129
-132
-135
-138
-137
-136
-132
-132
-140
-140
-141
-112
-134
-127
-137
-135
-136
-129
-131
-142
-130
-126
-126
-136
-142
-163
-147
-148
-128
-131
-130
-129
-127
-118
-121
-131
-138
-124
-127
-117
-121
-117
-126
-141
-137
-130
-124
-124
-130
-126
-125
-135
-118
-131
-139
-148
-131
-137
-146
-134
-138
-115
-116
-124
-127
-118
-134
-137
-131
-113
-123
-128
-127
-127
-135
-139
-142
-125
-126
-108
-120
-133
-137
-137
-145
-125
-132
-143
-135
-144
-140
-135
-120
-132
-120
-131
-130
-134
-124
-137
-139
-131
-126
-135
-123
-128
-132
-138
-122
-134
-136
-131
-119
-132
-121
-125
-127
-139
-128
-127
-133
-123
-133
-135
-129
-131
-138
-139
-142
-131
-120
-116
-116
-137
-142
-139
-134
-141
-130
-138
-129
-126
-146
-149
-143
-132
-125
-121
-130
-127
-133
-127
-118
-131
-129
-127
-131
-138
-131
-138
-132
-134
-138
-129
-127
-137
-135
-132
-139
-129
-131
-116
-143
-132
-130
-124
-125
-119
-134
-144
-135
-137
-133
-140
-140
-127
-133
-132
-125
-143
-127
-115
-125
-138
-131
-134
-131
-132
-129
-135
-132
-127
-148
-137
-133
-141
-141
-143
-130
-119
-125
-124
-137
-139
-140
-145
-144
-143
-132
-135
-119
-135
-131
-132
-134
-137
-133
-133
-144
-137
-135
-138
-146
-130
-131
-131
-126
-130
-131
-129
-153
-147
-133
-136
-146
-138
-126
-134
-126
-126
-134
-134
-131
-133
-131
-141
-133
-125
-124
-125
-141
-136
-132
-128
-141
-120
-112
-129
-134
-127
-119
-119
-142
-135
-139
-129
-139
-151
-125
-129
-125
-148
-146
-141
-133
-135
-136
-133
-140
-131
-139
-126
-124
-127
-121
-125
-127
-134
-148
-132
-135
-131
-149
-136
-130
-137
-140
-133
-149
-134
-133
-138
-129
-136
-112
-115
-128
-134
-131
-123
-147
-135
-135
-131
-141
-143
-138
-132
-133
-146
-144
-131
-152
-139
-125
-127
-132
-129
-125
-126
-142
-144
-149
-141
-144
-129
-124
-131
-138
-118
-120
-135
-130
-125
-127
-140
-137
-125
-133
-127
-143
-133
-133
-129
-134
-131
-123
-127
-118
-123
-134
-129
-136
-125
-122
-116
-140
-144
-143
-131
-136
-127
-133
-116
-119
-125
-139
-132
-132
-130
-135
-141
-129
-138
-140
-141
-137
-136
-131
-133
-145
-141
-138
-138
-134
-127
-125
-126
-120
-140
-147
-132
-128
-133
-138
-144
-129
-133
-125
-131
-132
-143
-140
-139
-132
-140
-141
-126
-138
-127
-149
-142
-133
-132
-123
-125
-128
-120
-132
-137
-133
-129
-125
-129
-131
-144
-145
-124
-121
-130
-137
-136
-134
-129
-126
-127
-135
-128
-132
-130
-132
-125
-140
-138
-135
-134
-137
-138
-127
-129
-137
-131
-129
-141
-142
-133
-130
-130
-134
-130
-126
-151
-128
-129
-124
-132
-137
-136
-156
-135
-135
-135
-125
-131
-142
-119
-130
-131
-131
-126
-135
-138
-144
-138
-114
-123
-134
-138
-132
-125
-136
-143
-126
-131
-134
-133
-140
-141
-137
-117
-118
-122
-114
-123
-116
-131
-137
-128
-127
-143
-126
-139
-137
-155
-139
-137
-126
-136
-134
-126
-131
-131
-134
-140
-125
-119
-129
-127
-136
-130
-140
-128
-123
-127
-122
-144
-130
-117
-115
-122
-117
-125
-128
-129
-137
-121
-126
-134
-126
-127
-115
-136
-129
-136
-124
-130
-140
-132
-120
-122
-135
-137
-132
-112
-112
-128
-129
-124
-129
-134
-129
-133
-130
-129
-120
-137
-138
-141
-136
-128
-127
-131
-131
-117
-142
-129
-130
-134
-141
-139
-135
-129
-132
-132
-134
-136
-135
-132
-129
-133
-124
-131
-143
-139
-153
-132
-137
-137
-128
-117
-128
-142
-126
-114
-130
-140
-125
-134
-145
-128
-139
-129
-128
-122
-140
-134
-127
-117
-128
-118
-138
-124
-121
-111
-119
-126
-132
-131
-133
-132
-124
-130
-138
-133
-132
-132
-125
-125
-124
-126
-126
-128
-137
-137
-124
-138
-132
-129
-134
-144
-136
-141
-136
-130
-130
-140
-132
-141
-139
-133
-142
-139
-138
-131
-125
-123
-129
-130
-132
-122
-136
-121
-125
-117
-135
-124
-142
-142
-137
-134
-137
-136
-129
-131
-139
-129
-130
-119
-126
-131
-127
-116
-115
-115
-123
-141
-128
-138
-127
-124
-123
-125
-117
-138
-128
-126
-131
-138
-127
-121
-143
-149
-138
-147
-143
-139
-129
-139
-120
-122
-119
-133
-123
-137
-129
-121
-129
-137
-125
-133
-128
-125
-147
-139
-137
-130
-128
-121
-128
-120
-134
-134
-135
-143
-132
-132
-119
-132
-138
-125
-133
-138
-136
-139
-128
-135
-129
-143
-134
-137
-132
-134
-142
-131
-134
-138
-133
-127
-127
-140
-138
-126
-133
-134
-138
-145
-137
-129
-128
-121
-133
-129
-140
-137
-137
-140
-133
-138
-129
-131
-130
-143
-134
-128
-123
-129
-128
-131
-134
-129
-133
-136
-133
-127
-132
-128
-141
-149
-141
-131
-129
-140
-120
-126
-130
-122
-142
-134
-126
-132
-142
-150
-125
-118
-143
-126
-141
-140
-134
-128
-127
-122
-126
-138
-133
-135
-133
-141
-145
-141
-140
-145
-128
-130
-139
-128
-141
-139
-147
-132
-131
-130
-127
-124
-134
-118
-117
-114
-136
-139
-136
-135
-134
-129
-129
-129
-132
-136
-123
-133
-118
-127
-129
-138
-135
-130
-128
-131
-119
-121
-116
-131
-120
-137
-121
-116
-128
-134
-122
-132
-138
-129
-140
-126
-129
-133
-135
-141
-131
-130
-147
-146
-127
-129
-128
-120
-134
-143
-125
-130
-127
-123
-133
-138
-136
-124
-133
-135
-133
-123
-131
-133
-123
-137
-147
-128
-128
-125
-139
-131
-134
-147
-146
-132
-127
-130
-144
-137
-143
-129
-137
-131
-130
-140
-131
-142
-136
-130
-135
-113
-123
-119
-124
-118
-120
-121
-130
-145
-137
-138
-137
-139
-130
-126
-120
-121
-121
-126
-145
-131
-141
-137
-135
-138
-143
-127
-131
-138
-127
-128
-121
-125
-138
-143
-141
-125
-118
-134
-144
-133
-131
-135
-119
-121
-117
-133
-119
-128
-134
-130
-119
-125
-128
-120
-129
-137
-115
-132
-126
-119
-121
-123
-120
-136
-130
-119
-129
-125
-116
-113
-118
-123
-125
-107
-119
-126
-134
-128
-131
-122
-119
-123
-112
-126
-126
-125
-129
-125
-128
-130
-145
-125
-127
-127
-137
-133
-127
-129
-124
-132
-141
-132
-123
-128
-125
-133
-135
-141
-136
-123
-137
-132
-129
-134
-133
-139
-132
-130
-128
-125
-131
-124
-144
-132
-146
-133
-136
-127
-149
-134
-126
-114
-112
-110
-122
-125
-127
-137
-128
-126
-126
-130
-124
-124
-135
-123
-146
-129
-116
-119
-127
-129
-130
-130
-143
-134
-129
-135
-140
-147
-139
-128
-124
-134
-128
-123
-126
-125
-125
-123
-128
-117
-119
-130
-123
-116
-137
-138
-120
-109
-116
-109
-127
-135
-105
-123
-130
-123
-120
-119
-130
-124
-128
-130
-126
-135
-138
-131
-127
-125
-123
-121
-116
-132
-129
-117
-123
-134
-140
-128
-130
-120
-122
-131
-145
-135
-124
-127
-129
-101
-295
-578
-700
-733
-694
-703
-718
-579
-695
-713
-741
-727
-738
-744
-743
-740
-740
-736
-722
-736
-727
-704
-731
-628
-666
-721
-686
-726
-714
-731
-739
-732
-727
-735
-723
-724
-726
-704
-712
-651
-704
-719
-733
-632
-704
-731
-640
-711
-672
-665
-721
-599
-699
-713
-717
-691
-703
-718
-715
-719
-715
-726
-721
-726
-705
-705
-715
-714
-721
-718
-607
-670
-706
-724
-683
-708
-711
-717
-714
-719
-724
-717
-716
-713
-715
-725
-725
-736
-715
-706
-712
-719
-706
-715
-719
-709
-707
-707
-713
-714
-713
-715
-716
-718
-718
-719
-733
-723
-732
-725
-725
-726
-730
-707
-712
-720
-719
-726
-719
-706
-717
-717
-731
-718
-712
-724
-722
-597
-381
-405
-186
-174
-182
-13
147
139
94
81
76
79
73
70
100
115
137
146
128
129
133
128
129
130
129
134
130
147
132
128
142
141
131
139
135
146
140
146
131
135
128
131
133
137
136
139
143
145
144
142
142
146
133
126
123
129
143
132
146
161
166
193
201
206
195
210
198
214
217
203
194
208
210
203
214
201
205
193
200
204
213
202
208
207
210
217
207
201
208
207
212
204
209
199
198
209
198
162
-85
-133
-139
-182
-199
-181
-118
-105
-125
-114
-63
-36
-70
-149
-107
-126
-68
-78
-344
-196
-200
-258
-322
-284
-348
-268
-170
-349
-269
-269
-264
-98
-66
-72
-66
-68
-65
-54
-59
-50
-44
-58
-54
-33
-24
-53
-77
-34
-37
-136
-66
-68
-84
-77
-64
-73
-56
-70
-52
-35
-42
-43
-70
-60
-44
-42
-50
-52
-54
-55
-50
-43
-35
-50
-43
-46
-47
-38
-42
-51
-44
-41
-51
-42
-50
-36
-42
-39
-36
-40
-32
-39
-44
-42
-52
-47
-46
-41
-58
-55
-51
-47
-39
-32
-33
-38
-30
-43
-36
-27
-53
-39
-43
-49
-30
-50
-36
-94
-53
-46
-55
-52
-48
-48
-48
-37
-40
-33
-40
-35
-32
-41
-42
-27
-42
-35
-30
-43
-50
-39
-38
-29
-42
-50
-51
-38
-35
-49
-43
-52
-48
-36
-41
-39
-46
-58
-59
-47
-43
-55
-33
-44
-53
-42
-43
-33
-51
-50
-40
-43
-47
-46
-41
-39
-41
-44
-39
-52
-45
-41
-42
-36
-51
-49
-44
-41
-37
-51
-54
-52
-41
-46
-33
-31
-46
-62
-48
-52
-51
-55
-52
-66
-55
-40
-42
-37
-37
-36
-48
-39
-52
-44
-39
-38
-44
-48
-42
-47
-31
-50
-34
-80
-50
-46
-41
-36
-43
-36
-49
-37
-50
-47
-28
-43
-41
-43
-45
-48
-35
-44
-39
-41
-48
-46
-44
-40
-98
-60
-55
-50
-56
-45
-53
-43
-55
-87
-43
-44
-36
-44
-49
-45
-58
-33
-37
-31
-38
-41
-44
-49
-42
-31
-29
-43
-41
-40
-40
-45
-33
-35
-46
-47
-39
-44
-51
-43
-48
-51
-44
-50
-42
-39
-41
-39
-39
-32
-33
-44
-37
-59
-51
-34
-29
-48
-50
-57
-54
-50
-52
-44
-44
-43
-58
-51
-42
-47
-34
-34
-43
-43
-42
-48
-49
-42
-49
-32
-39
-41
-44
-52
-37
-35
-38
-42
-45
-46
-44
-59
-50
-50
-68
-50
-41
-40
-43
-49
-36
-41
-35
-49
-45
-41
-39
-46
-44
-47
-36
-39
-53
-48
-40
-49
-44
-43
-49
-43
-44
-38
-36
-37
-39
-40
-35
-49
-50
-44
-41
-38
-50
-38
-55
-62
-51
-38
-48
-35
-45
-34
-35
-38
-49
-40
-55
-35
-46
-37
-46
-56
-59
-53
-49
-42
-51
-46
-43
-43
-49
-58
-60
-54
-58
-50
-54
-51
-36
-33
-53
-45
-46
-32
-41
-38
-36
-50
-51
-57
-39
-31
-45
-60
-57
-57
-63
-43
-39
-47
-53
-51
-30
-49
-51
-36
-36
-40
-50
-41
-39
-41
-50
-38
-30
-31
-56
-58
-40
-53
-49
-35
-36
-44
-45
-54
-45
-52
-42
-35
-42
-39
-41
-48
-38
-39
-42
-44
-50
-61
-62
-49
-111
-58
-48
-45
-49
-52
-52
-44
-50
-50
-60
-48
-72
-38
-42
-48
-54
-44
-37
-60
-50
-52
-49
-42
-37
-40
-34
-27
-39
-47
-34
-38
-48
-60
-50
-34
-30
-51
-35
-50
-50
-39
-41
-46
-48
-44
-49
-41
-33
-27
-29
-48
-74
-67
-73
-55
-50
-44
-36
-40
-40
-50
-65
-64
-53
-47
-52
-68
-99
-115
-114
-113
-108
-87
-88
-87
-92
-104
-87
-104
-103
-86
-84
-95
-106
-93
-105
-101
-211
-217
-99
-71
-46
-123
-49
-33
-74
-45
-31
-55
-70
-38
-26
-26
-17
-25
-30
-41
-38
-45
-33
-29
-34
-24
-27
-61
-40
-33
-24
-55
-37
-35
-96
-151
-77
-71
-36
-87
-40
-35
-33
-25
-22
-24
-172
-66
-327
-167
-101
-38
-21
-34
-20
-64
-33
-37
-39
-27
-117
-154
-76
-45
-35
-34
-52
-143
-65
-120
-72
-44
-38
-51
-25
-24
-20
-25
-25
-20
-41
-26
-38
-31
-117
-164
-70
-41
-26
-30
-21
-32
-40
-26
-27
-32
-24
-28
-23
-23
-133
-69
-43
-95
-56
-73
-38
-36
-34
-53
-49
-176
-79
-43
-29
-26
-56
-29
-44
-34
-42
-67
-69
-64
-27
-203
-77
-153
-144
-162
-84
-41
-25
-23
-24
-47
-77
-99
-64
-44
-54
-32
-89
-125
-60
-74
-57
-187
-78
-85
-125
-51
-98
-121
-129
-80
-42
-35
-93
-43
-119
-55
-37
-28
-39
-36
-111
-52
-39
-33
-51
-37
-157
-76
-35
-87
-68
-34
-26
-112
-104
-139
-59
-53
-29
-32
-21
-38
-66
-42
-30
-72
-41
-36
-93
-121
-49
-37
-64
-41
-105
-152
-56
-52
-60
-32
-50
-47
-169
-116
-78
-42
-25
-26
-24
-22
-62
-77
-79
-64
-60
-41
-28
-29
-29
-20
-16
-35
-39
-30
-116
-65
-34
-25
-35
-42
-36
-31
-43
-33
-221
-95
-45
-59
-45
-106
-48
-33
-34
-19
-16
-23
-70
-49
-29
-29
-36
-66
-55
-64
-40
-30
-17
-18
-99
-49
-35
-34
-26
-27
-30
-28
-32
-213
-76
-43
-66
-34
-31
-26
-26
-78
-44
-35
-21
-53
-41
-53
-66
-62
-39
-37
-31
-248
-105
-47
-29
-68
-49
-25
-30
-26
-62
-41
-68
-56
-100
-55
-33
-33
-31
-136
-70
-44
-76
-58
-35
-56
-48
-45
-39
-113
-63
-41
-34
-32
-43
-30
-36
-137
-61
-37
-23
-151
-219
-77
-46
-22
-43
-292
-160
-67
-38
-62
-41
-39
-183
-60
-51
-27
-30
-23
-39
-25
-69
-59
-36
-39
-40
-23
-166
-122
-201
-66
-32
-24
-23
-78
-52
-33
-22
-20
-32
-115
-46
-37
-30
-23
-19
-28
-20
-14
-62
-54
-70
-56
-46
-30
-112
-185
-78
-49
-29
-28
-45
-59
-128
-52
-46
-38
-31
-46
-40
-61
-115
-138
-62
-33
-26
-24
-45
-40
-35
-30
-24
-47
-31
-31
-33
-20
-115
-45
-43
-27
-152
-87
-50
-32
-75
-48
-40
-37
-29
-22
-96
-47
-26
-117
-112
-76
-161
-64
-29
-29
-63
-152
-73
-80
-150
-112
-154
-131
-97
-47
-31
-26
-27
-45
-28
-27
-27
-110
-63
-36
-30
-33
-37
-57
-29
-27
-37
-34
-24
-20
-138
-64
-43
-33
-196
-78
-46
-92
-52
-36
-29
-18
-27
-35
-68
-39
-22
-56
-29
-80
-41
-30
-36
-30
-27
-60
-112
-42
-31
-35
-41
-26
-31
-31
-25
-33
-45
-31
-26
-20
-23
-32
-81
-42
-41
-49
-114
-59
-32
-29
-23
-23
-56
-60
-73
-111
-48
-40
-41
-30
-26
-55
-46
-35
-74
-41
-83
-49
-61
-41
-70
-35
-55
-111
-140
-57
-37
-35
-191
-70
-43
-24
-45
-43
-49
-38
-123
-49
-38
-32
-24
-21
-23
-21
-18
-108
-57
-47
-105
-106
-49
-33
-35
-16
-14
-73
-45
-35
-223
-116
-48
-36
-72
-80
-42
-48
-40
-119
-129
-51
-51
-30
-28
-85
-39
-35
-36
-29
-19
-138
-100
-114
-156
-103
-88
-35
-24
-78
-36
-81
-43
-61
-36
-53
-88
-42
-35
-23
-253
-90
-46
-103
-137
-59
-37
-29
-17
-21
-95
-59
-39
-20
-22
-26
-26
-25
-23
-32
-43
-37
-40
-35
-33
-70
-43
-56
-51
-54
-41
-99
-57
-46
-34
-17
-55
-176
-65
-159
-74
-78
-44
-87
-40
-142
-73
-32
-37
-176
-75
-50
-52
-32
-15
-19
-25
-33
-27
-94
-166
-67
-32
-18
-23
-17
-27
-124
-56
-27
-40
-34
-35
-28
-24
-23
-25
-30
-77
-50
-55
-42
-34
-114
-82
-33
-65
-55
-211
-79
-37
-61
-41
-33
-30
-38
-25
-39
-33
-74
-42
-33
-26
-29
-30
-31
-25
-71
-53
-43
-161
-57
-32
-125
-49
-28
-31
-104
-45
-73
-33
-33
-46
-95
-43
-33
-34
-31
-77
-50
-43
-49
-33
-29
-24
-21
-137
-107
-42
-36
-24
-17
-18
-20
-62
-80
-59
-38
-76
-45
-29
-51
-29
-33
-24
-25
-58
-32
-27
-50
-37
-104
-48
-31
-34
-23
-23
-159
-60
-128
-46
-35
-108
-149
-158
-64
-86
-42
-36
-96
-110
-60
-34
-40
-138
-58
-33
-34
-55
-152
-107
-130
-60
-43
-38
-32
-31
-51
-41
-35
-39
-26
-23
-59
-64
-36
-43
-46
-41
-127
-105
-77
-58
-75
-80
-48
-40
-74
-50
-111
-85
-112
-49
-42
-29
-22
-36
-125
-53
-78
-120
-54
-244
-83
-43
-86
-55
-28
-28
-17
-138
-58
-35
-115
-46
-65
-97
-43
-37
-105
-44
-51
-44
-51
-164
-64
-63
-42
-55
-128
-50
-38
-33
-56
-36
-24
-98
-55
-38
-54
-72
-36
-29
-30
-22
-18
-17
-17
-22
-30
-46
-77
-63
-72
-50
-160
-82
-32
-58
-46
-28
-73
-50
-34
-100
-127
-63
-41
-24
-16
-19
-73
-60
-120
-50
-22
-51
-37
-98
-56
-121
-44
-25
-19
-68
-62
-69
-30
-27
-27
-35
-50
-30
-191
-107
-100
-59
-107
-40
-140
-103
-175
-58
-38
-31
-26
-31
-180
-90
-42
-46
-27
-29
-154
-108
-62
-33
-103
-187
-99
-167
-115
-49
-130
-75
-208
-91
-74
-38
-31
-56
-77
-86
-149
-57
-37
-82
-42
-114
-52
-77
-192
-225
-168
-80
-45
-29
-23
-56
-76
-74
-43
-155
-66
-117
-56
-53
-28
-159
-149
-92
-43
-29
-18
-25
-22
-22
-26
-20
-22
-25
-56
-32
-25
-23
-125
-56
-49
-31
-37
-48
-45
-108
-53
-34
-203
-117
-122
-59
-29
-43
-29
-77
-35
-28
-28
-218
-73
-45
-34
-37
-32
-28
-34
-140
-56
-61
-35
-29
-32
-223
-107
-152
-64
-42
-108
-118
-77
-48
-32
-34
-121
-65
-36
-66
-47
-86
-235
-93
-37
-63
-89
-74
-62
-133
-77
-41
-34
-33
-157
-69
-35
-32
-32
-29
-55
-31
-50
-81
-42
-35
-34
-21
-106
-97
-80
-50
-50
-69
-68
-43
-27
-188
-76
-48
-31
-31
-46
-45
-43
-26
-21
-24
-26
-26
-43
-39
-33
-138
-52
-60
-30
-21
-26
-26
-27
-27
-95
-58
-33
-56
-33
-129
-58
-161
-62
-34
-50
-43
-24
-17
-31
-48
-30
-22
-109
-54
-47
-84
-227
-119
-44
-45
-32
-55
-37
-39
-36
-37
-35
-79
-45
-97
-42
-77
-49
-39
-38
-58
-113
-53
-78
-86
-41
-34
-236
-143
-62
-35
-115
-112
-94
-59
-182
-71
-39
-35
-30
-35
-28
-27
-19
-69
-36
-26
-134
-61
-44
-27
-31
-35
-26
-17
-19
-18
-49
-36
-33
-100
-102
-161
-63
-35
-76
-41
-52
-34
-34
-24
-35
-37
-25
-22
-18
-24
-25
-23
-27
-28
-33
-32
-31
-28
-88
-42
-40
-82
-54
-119
-97
-47
-75
-59
-50
-31
-51
-65
-34
-24
-88
-81
-190
-79
-170
-67
-58
-33
-175
-63
-41
-76
-77
-67
-39
-31
-23
-39
-27
-48
-26
-25
-25
-60
-36
-34
-71
-47
-54
-46
-38
-72
-105
-44
-23
-24
-24
-25
-24
-18
-73
-39
-156
-80
-42
-142
-61
-29
-29
-44
-36
-36
-35
-26
-21
-23
-29
-47
-28
-40
-99
-84
-46
-25
-30
-116
-54
-46
-100
-56
-36
-33
-36
-139
-66
-64
-82
-40
-41
-57
-58
-24
-31
-26
-23
-40
-82
-49
-24
-29
-18
-35
-23
-33
-23
-53
-36
-109
-62
-49
-42
-77
-32
-40
-33
-32
-24
-68
-41
-24
-21
-152
-71
-143
-53
-36
-37
-93
-51
-117
-64
-44
-41
-132
-63
-36
-28
-57
-56
-67
-36
-26
-36
-45
-39
-75
-52
-146
-58
-74
-37
-33
-37
-25
-35
-30
-30
-42
-234
-240
-99
-150
-66
-36
-27
-62
-40
-32
-30
-107
-72
-61
-39
-29
-29
-70
-52
-54
-38
-58
-39
-36
-31
-21
-22
-36
-66
-35
-37
-72
-66
-65
-53
-89
-115
-60
-45
-38
-24
-29
-112
-98
-54
-50
-99
-52
-27
-100
-163
-93
-46
-34
-20
-21
-24
-110
-177
-79
-52
-36
-34
-30
-116
-51
-146
-60
-48
-34
-129
-46
-22
-46
-23
-50
-34
-117
-86
-42
-30
-22
-20
-30
-32
-27
-17
-59
-26
-24
-58
-42
-40
-23
-52
-40
-30
-19
-94
-66
-40
-30
-27
-19
-75
-33
-28
-55
-134
-117
-113
-121
-122
-119
-101
-105
-112
-116
-99
-116
-107
-115
-118
-114
-105
-102
-106
-119
-102
-95
-106
-105
-116
-116
-125
-121
-114
-94
-107
-102
-108
-100
-115
-103
-113
-123
-122
-110
-104
-96
-87
-107
-111
-131
-117
-104
-102
-103
-99
-105
-111
-110
-109
-102
-109
-122
-110
-121
-107
-98
-101
-98
-113
-106
-108
-106
-100
-108
-103
-104
-97
-102
-92
-114
-104
-94
-105
-103
-118
-117
-103
-100
-109
-120
-116
-116
-121
-116
-98
-99
-102
-96
-99
-100
-108
-126
-103
-101
-104
-111
-114
-105
-100
-103
-114
-102
-101
-98
-93
-107
-119
-127
-107
-117
-105
-108
-105
-112
-107
-113
-105
-100
-111
-110
-111
-106
-104
-112
-94
-103
-101
-113
-104
-110
-110
-92
-112
-115
-114
-111
-106
-108
-123
-121
-100
-97
-113
-108
-107
-124
-125
-92
-115
28
320
346
531
637
722
924
953
682
633
646
514
441
210
97
66
64
83
74
57
42
67
54
44
36
42
46
55
50
59
71
68
74
64
70
59
71
76
75
73
51
62
76
62
66
59
55
69
66
69
59
52
59
64
64
57
53
65
42
52
51
52
57
54
53
49
66
55
72
65
58
46
62
65
64
69
66
67
69
46
51
65
75
78
81
81
71
76
65
75
69
71
85
80
73
65
69
74
72
83
73
79
76
86
87
81
88
79
73
67
84
69
84
72
76
84
80
72
76
77
88
81
74
73
65
65
67
82
79
72
76
67
69
68
65
77
77
81
81
72
76
73
79
69
72
74
75
87
80
76
78
74
73
68
72
58
63
70
69
73
63
70
72
79
65
77
70
82
78
77
73
74
68
70
72
75
75
70
77
73
82
74
74
63
69
70
80
87
76
77
85
89
84
75
68
60
74
75
84
86
78
81
83
70
71
67
54
64
77
72
85
78
79
74
72
79
80
57
73
84
73
78
76
68
84
70
71
67
76
86
75
73
71
86
77
76
71
67
95
72
73
82
79
71
68
82
58
71
77
70
72
70
81
69
75
84
84
62
73
86
91
79
80
76
53
61
78
72
65
71
81
79
77
69
68
70
65
60
62
67
67
71
74
75
89
80
76
72
73
68
70
85
72
75
67
67
70
88
70
69
62
69
75
73
85
89
87
74
60
79
69
74
79
73
65
71
73
79
79
78
71
68
72
73
80
88
88
70
60
60
73
70
76
87
88
82
86
75
58
74
72
71
76
74
61
82
85
78
65
83
88
83
88
88
78
76
80
74
76
71
86
79
59
69
76
72
73
70
84
85
84
76
91
94
79
66
67
60
67
56
58
55
57
74
72
86
83
76
75
56
58
67
59
66
87
72
66
67
78
73
70
82
70
71
70
72
59
61
81
80
79
80
75
66
66
60
68
73
69
61
77
71
90
90
73
72
88
94
88
64
70
77
83
86
73
63
67
59
68
75
71
81
67
69
76
76
86
61
69
72
61
80
73
81
84
80
83
73
76
63
73
61
64
68
84
93
92
75
89
69
70
64
76
84
75
76
70
72
69
75
73
67
67
62
56
70
73
74
68
60
66
70
58
64
77
75
68
71
71
80
78
87
81
86
94
88
84
77
85
70
67
74
73
82
77
77
71
64
67
80
93
81
84
75
74
79
79
71
74
72
70
69
78
77
57
63
64
72
71
93
94
87
83
78
85
76
76
64
71
80
78
84
71
54
78
75
78
70
67
58
78
88
87
81
88
74
66
73
60
70
72
84
75
75
90
85
87
89
76
76
81
75
78
66
73
76
75
79
70
65
67
80
93
87
87
78
83
78
83
79
85
75
75
75
75
85
70
66
79
81
89
78
78
78
86
75
77
83
77
85
74
64
71
72
65
74
74
62
72
85
72
89
77
84
88
84
84
89
77
95
86
76
72
68
75
71
73
86
79
69
71
78
73
69
89
74
73
67
80
72
66
77
87
74
81
81
74
81
63
83
63
64
75
83
76
80
82
71
70
75
57
57
82
77
81
75
79
91
84
92
82
86
88
60
83
84
87
83
70
75
79
72
84
84
73
75
69
79
72
81
71
70
75
69
64
83
83
83
86
68
67
76
86
83
82
79
71
58
61
61
69
74
83
78
67
71
84
85
75
85
90
80
72
74
72
74
81
77
73
64
80
74
84
90
90
78
68
81
70
67
64
68
69
79
90
77
69
87
76
88
87
81
83
77
68
64
89
81
75
79
58
66
73
64
78
73
83
66
68
57
84
76
76
83
66
77
83
79
84
75
77
74
69
63
65
74
83
81
83
65
74
68
53
54
51
66
62
70
64
65
71
70
74
78
80
71
82
73
67
73
71
71
68
78
69
72
73
88
86
91
89
83
77
72
73
78
65
68
58
70
82
78
68
61
67
68
76
87
71
78
79
73
78
74
70
70
77
92
85
80
83
81
76
89
88
70
61
69
77
72
69
79
79
83
78
75
70
68
67
61
67
69
60
86
90
343
442
435
398
404
703
766
648
798
746
628
667
795
912
979
784
530
565
687
719
615
676
651
851
930
667
687
852
1140
1354
1631
1444
1634
1560
1315
1224
1324
1352
1298
927
760
696
580
138
-63
-163
-135
-129
311
1469
2263
2364
2959
4040
5182
5839
6011
5405
4594
4877
5414
4543
4033
3406
3145
3040
3108
3449
3911
4268
4695
5026
5455
6061
6409
6790
6830
6973
7002
6837
6612
6756
6649
6215
5965
5703
5399
5277
4922
4647
4377
4067
4014
3793
3653
3437
3057
2649
2550
2535
2292
2273
2077
1905
1904
2001
1924
2045
2248
2363
2587
2767
2907
2906
3127
3200
3196
3436
3498
3495
3586
3913
4049
4186
4171
4170
4167
4234
4299
4382
4435
4457
4535
4796
4926
4652
4452
4404
4428
4442
4276
3950
3307
2298
1874
2091
2686
3310
3668
3448
3067
2862
2348
2352
1870
746
567
477
547
483
441
482
437
496
442
451
510
483
437
420
442
561
557
632
631
657
667
630
632
636
633
628
640
639
639
632
633
657
628
647
644
621
644
627
642
650
646
652
649
635
637
646
652
628
634
645
644
636
631
684
672
643
644
638
638
657
640
654
637
640
649
644
659
653
650
689
641
649
635
636
632
632
650
639
628
630
644
624
633
667
640
648
650
667
640
636
654
641
636
650
655
647
633
655
652
647
681
649
645
647
638
668
658
642
609
635
637
637
640
656
627
617
647
629
642
652
634
620
640
650
614
640
641
646
644
636
640
641
637
639
634
637
635
632
600
630
642
623
641
640
637
643
648
649
648
632
627
624
652
650
641
655
646
651
647
626
634
637
654
667
657
643
642
634
644
646
641
636
644
636
651
656
639
651
640
627
629
635
637
660
648
653
637
636
637
682
644
631
636
620
642
620
626
627
659
644
640
629
623
614
624
596
657
631
632
631
632
642
644
646
634
637
628
626
630
629
635
642
640
632
639
622
643
649
644
637
626
649
628
626
636
649
642
632
634
634
619
624
648
647
632
637
621
626
628
639
629
639
633
616
614
634
608
617
636
606
467
379
494
446
390
387
369
371
405
358
348
384
393
387
399
355
373
373
381
354
381
380
381
410
378
368
359
606
1282
2923
4215
4611
4632
4651
4804
4899
4955
4993
4971
4956
4964
4897
4901
4898
4925
4946
4869
4926
4789
4943
4994
4959
4965
4933
4839
4839
4849
4919
4770
4728
4716
4658
4438
4192
3570
2206
-11
-1221
-1911
-2398
-2542
-2588
-2859
-2952
-2738
-2008
-1903
-2391
-2791
-3349
-4173
-4926
-5616
-5821
-5459
-4663
-4572
-4536
-4511
-4381
-4049
-3844
-3814
-3597
-3442
-3299
-3103
-2943
-2719
-2120
-1521
-1093
-496
-104
235
328
224
119
-8
-1653
-1608
-1700
-1605
-1642
-1580
-1630
-1581
-1562
-1668
-1746
-1877
-1668
-1599
-1645
-1594
-1637
-1609
-1730
-1695
-1647
-1642
-1638
-1577
-1609
-1725
-1598
-1576
-1723
-1674
-1595
-1569
-1577
-1659
-1599
-1656
-1702
-1595
-1653
-1602
-1647
-1572
-1774
-1638
-1629
-1709
-1673
-1582
-1683
-1659
-1581
-1718
-1652
-1578
-1558
-1801
-1630
-1572
-1730
-1792
-1645
-1775
-1720
-1856
-1630
-1654
-1691
-1660
-1587
-1593
-1820
-1681
-1776
-1748
-1647
-1580
-1606
-1769
-1646
-1716
-1706
-1783
-1703
-1620
-1581
-1562
-1782
-1642
-1745
-1606
-1574
-1645
-1717
-1778
-1775
-1790
-1622
-1590
-1786
-1785
-1751
-1615
-1644
-1626
-1614
-1613
-1574
-1780
-1679
-1674
-1683
-1587
-1825
-1786
-1724
-1767
-1753
-1800
-1707
-1600
-1682
-1644
-1703
-1695
-1672
-1586
-1599
-1576
-1712
-1694
-1720
-1600
-1676
-1623
-1630
-1605
-1688
-1637
-1882
-1730
-1696
-1592
-1663
-1784
-1743
-1652
-1667
